cites,history,influence
155,56,-22
111,0,-44
13,81,-98
50,87,37
38,0,-12
30,0,-8
8,33,-22
6,81,-2
2,86,-4
1,177,-1
